Factories	2
Families	20
Machines	2
Theta1	0.4
Theta2	1

Number of Jobs in each Family
2	2	2	2	3	3	3	2	3	2	2	2	2	3	2	2	2	2	2	3	

Jobs in each Family
0	1	
2	3	
4	5	
6	7	
8	9	10	
11	12	13	
14	15	16	
17	18	
19	20	21	
22	23	
24	25	
26	27	
28	29	
30	31	32	
33	34	
35	36	
37	38	
39	40	
41	42	
43	44	45	

Total number of jobs
46

Processing times of jobs
Under Scenario 1
2	3
2	3
4	3
4	2
2	2
3	4
3	2
2	3
2	3
3	2
3	3
3	2
2	4
2	2
2	2
3	2
3	3
3	2
3	4
4	4
3	4
3	3
4	2
3	3
2	2
3	4
4	3
3	4
4	3
2	2
2	2
4	4
4	2
2	3
3	3
2	3
3	4
3	4
3	2
2	2
2	3
3	2
2	3
4	3
3	2
2	2
Under Scenario 2
3	4
4	2
2	3
3	3
3	2
4	2
3	2
3	2
2	3
4	3
2	3
3	2
3	2
2	3
3	3
2	3
3	2
3	2
3	3
2	2
2	3
2	3
3	3
4	3
2	2
2	2
3	4
3	2
3	2
2	2
3	3
3	2
3	2
3	3
4	3
2	3
3	4
2	3
3	4
3	3
2	4
2	3
3	2
3	3
3	3
2	4

Setup times between Families, where [f][f] represents initial setup time
On machine	1
7	1	3	19	11	18	15	18	14	3	6	1	13	4	2	10	16	17	3	11
15	1	19	8	13	3	13	7	7	14	10	14	18	10	13	1	11	19	20	9
10	18	3	4	13	7	19	1	5	3	5	1	14	9	18	5	12	13	9	18
4	4	17	4	4	20	1	18	3	9	19	15	9	6	8	19	9	11	2	1
19	7	17	18	12	16	18	20	5	10	13	7	17	12	9	10	6	16	3	4
19	17	15	5	12	1	12	15	17	20	7	11	6	19	3	5	11	9	6	15
9	2	20	11	1	3	20	2	18	17	6	4	2	20	9	6	17	20	4	13
19	16	2	6	13	15	19	10	18	3	7	20	4	17	20	16	1	8	14	20
11	17	20	17	9	18	1	7	8	2	5	14	11	2	4	1	15	14	16	5
14	16	6	6	6	15	2	5	18	3	3	13	8	12	5	20	15	9	10	6
7	9	16	11	16	10	15	13	1	9	3	5	3	6	18	18	18	9	6	7
14	6	19	16	6	4	5	10	8	14	14	8	12	14	3	11	19	8	7	3
11	18	7	3	17	12	11	3	2	7	1	5	6	2	17	6	15	15	20	16
2	20	16	18	20	14	15	16	20	14	3	3	6	6	2	16	20	9	5	9
14	2	4	5	11	13	10	14	18	20	10	8	14	2	10	4	9	9	12	6
6	16	19	14	5	5	19	20	3	10	6	16	11	15	4	4	14	10	11	15
14	4	9	11	1	18	14	8	18	12	2	10	17	1	7	3	14	13	10	11
12	7	15	6	17	7	11	7	11	12	5	16	19	1	12	13	1	5	20	10
13	6	4	8	11	15	2	5	13	14	17	9	11	13	14	7	1	18	7	7
3	12	10	6	11	15	17	14	12	5	2	5	6	18	11	3	15	17	13	15
On machine	2
16	16	5	14	18	8	20	9	4	14	7	16	5	8	2	18	20	19	4	12
9	18	9	12	11	18	2	17	12	10	4	11	19	9	11	7	6	1	9	19
6	13	16	14	10	6	1	18	3	12	17	4	3	3	20	5	8	5	20	11
12	17	16	11	5	19	11	6	15	14	17	8	20	11	4	1	16	4	20	2
16	9	9	13	4	17	8	17	12	6	17	2	17	2	16	6	15	8	18	20
5	6	10	13	18	10	19	2	14	4	4	20	2	7	7	17	7	17	13	14
3	18	14	6	7	8	1	14	3	11	1	13	19	2	17	11	9	1	11	9
7	5	7	20	18	12	18	3	16	17	6	14	16	7	11	16	2	18	15	3
6	9	10	20	3	2	20	19	6	13	20	16	8	19	11	18	10	3	11	1
8	13	2	18	1	12	7	19	5	8	13	18	1	6	13	13	8	10	14	20
7	1	11	16	16	1	2	6	10	16	3	7	8	7	13	8	4	14	8	18
11	11	2	8	12	9	20	18	9	3	1	3	11	11	3	1	19	13	20	15
19	8	17	12	1	18	10	8	4	9	17	20	15	19	2	7	5	5	5	18
4	12	6	7	7	19	11	14	4	12	20	13	15	18	4	18	5	15	11	6
18	6	8	4	10	18	5	13	10	13	18	1	18	3	13	16	3	1	9	4
17	10	13	5	4	3	5	16	3	19	18	18	10	14	18	9	18	4	1	8
11	10	19	4	20	4	14	18	2	10	16	6	20	11	1	17	3	18	11	3
11	5	19	16	5	17	19	7	5	7	13	1	9	11	19	7	13	17	2	16
7	5	17	12	14	9	15	15	1	11	14	18	11	16	1	5	18	16	20	1
19	12	2	10	7	9	12	4	10	20	6	6	5	5	4	5	3	15	11	17

Duedate of groups
84 	
87 	
58 	
110 	
77 	
103 	
129 	
120 	
127 	
121 	
52 	
64 	
95 	
49 	
125 	
89 	
101 	
59 	
64 	
50 	
